 frequency =    10.000000
 num,    x0_loc,    y0_loc,    z0_loc,    xy_ris,    yx_ris,   alph_xy,   alph_xy
   1,  660.000000,  0.000000,  0.000000,  100.120136,  100.819403,  44.885839,  44.972112
   2,  80.000000,  0.000000,  0.000000,  100.054078,  100.728587,  44.937319,  44.976644
   3,  -720.000000,  0.000000,  0.000000,  99.987462,  100.769259,  44.901808,  44.977491
   4,  980.000000,  0.000000,  0.000000,  100.494122,  100.668372,  44.925918,  44.897254
   5,  780.000000,  0.000000,  0.000000,  100.261929,  100.946805,  44.901741,  44.996698
   6,  280.000000,  0.000000,  0.000000,  99.902755,  100.648791,  44.875054,  44.946864
   7,  180.000000,  0.000000,  0.000000,  99.999145,  100.543197,  44.912866,  44.921097
   8,  -1000.000000,  0.000000,  0.000000,  100.354690,  100.869897,  44.965835,  44.995793
   9,  900.000000,  0.000000,  0.000000,  100.413240,  100.843927,  44.921095,  44.955505
  10,  -500.000000,  0.000000,  0.000000,  100.050969,  100.614839,  44.942276,  44.940451
  11,  820.000000,  0.000000,  0.000000,  100.444895,  100.849968,  44.945871,  44.965691
  12,  760.000000,  0.000000,  0.000000,  100.289223,  100.874438,  44.914563,  44.978685
  13,  120.000000,  0.000000,  0.000000,  99.861702,  100.659979,  44.878972,  44.956477
  14,  440.000000,  0.000000,  0.000000,  100.040815,  100.605459,  44.894996,  44.928190
  15,  40.000000,  0.000000,  0.000000,  100.053836,  100.585993,  44.940489,  44.936991
  16,  60.000000,  0.000000,  0.000000,  100.017869,  100.603880,  44.928339,  44.941845
  17,  380.000000,  0.000000,  0.000000,  99.841978,  100.607773,  44.845431,  44.931462
  18,  360.000000,  0.000000,  0.000000,  99.788477,  100.705037,  44.832341,  44.959852
  19,  -900.000000,  0.000000,  0.000000,  100.112877,  100.818027,  44.913355,  44.985087
  20,  540.000000,  0.000000,  0.000000,  100.194315,  100.653928,  44.925404,  44.935137
  21,  720.000000,  0.000000,  0.000000,  100.112971,  100.849323,  44.872820,  44.975158
  22,  -860.000000,  0.000000,  0.000000,  100.222169,  100.741663,  44.950097,  44.964982
  23,  -840.000000,  0.000000,  0.000000,  100.048563,  100.515909,  44.903525,  44.901601
  24,  920.000000,  0.000000,  0.000000,  100.387763,  100.802014,  44.909804,  44.942133
  25,  -340.000000,  0.000000,  0.000000,  100.009838,  100.622254,  44.939170,  44.946359
  26,  480.000000,  0.000000,  0.000000,  100.111049,  100.877194,  44.909908,  45.002881
  27,  400.000000,  0.000000,  0.000000,  100.203152,  100.653269,  44.946100,  44.943678
  28,  -420.000000,  0.000000,  0.000000,  99.980685,  100.729866,  44.927394,  44.975124
  29,  0.000000,  0.000000,  0.000000,  99.932786,  100.786327,  44.908878,  44.994330
  30,  -620.000000,  0.000000,  0.000000,  100.008258,  100.910558,  44.918709,  45.020312
  31,  300.000000,  0.000000,  0.000000,  99.965136,  100.841143,  44.890533,  45.000505
  32,  600.000000,  0.000000,  0.000000,  100.303563,  100.814814,  44.947048,  44.976189
  33,  320.000000,  0.000000,  0.000000,  99.932170,  100.843760,  44.878965,  45.000631
  34,  860.000000,  0.000000,  0.000000,  100.287218,  101.039012,  44.893834,  45.014882
  35,  -660.000000,  0.000000,  0.000000,  100.008604,  100.581560,  44.914631,  44.926292
  36,  -760.000000,  0.000000,  0.000000,  100.158326,  100.848084,  44.946096,  44.998615
  37,  20.000000,  0.000000,  0.000000,  99.703530,  100.768172,  44.841328,  44.988740
  38,  -600.000000,  0.000000,  0.000000,  100.099426,  100.680563,  44.946746,  44.956019
  39,  160.000000,  0.000000,  0.000000,  99.922197,  100.752643,  44.892511,  44.981303
  40,  -800.000000,  0.000000,  0.000000,  100.278882,  100.764524,  44.975130,  44.973893
  41,  800.000000,  0.000000,  0.000000,  100.198408,  100.708338,  44.880000,  44.927120
  42,  680.000000,  0.000000,  0.000000,  100.345625,  100.939655,  44.945523,  45.004504
  43,  -820.000000,  0.000000,  0.000000,  100.014811,  100.770349,  44.896309,  44.974386
  44,  640.000000,  0.000000,  0.000000,  100.288460,  100.859849,  44.936549,  44.985526
  45,  -440.000000,  0.000000,  0.000000,  100.048030,  100.674871,  44.945584,  44.959094
  46,  -700.000000,  0.000000,  0.000000,  100.179512,  100.753152,  44.958410,  44.973584
  47,  140.000000,  0.000000,  0.000000,  100.007632,  100.712758,  44.919207,  44.970578
  48,  -880.000000,  0.000000,  0.000000,  100.407943,  100.681592,  45.000727,  44.947434
  49,  -980.000000,  0.000000,  0.000000,  100.395775,  101.049404,  44.980136,  45.047108
  50,  -160.000000,  0.000000,  0.000000,  99.875207,  100.748225,  44.901285,  44.983357
  51,  -940.000000,  0.000000,  0.000000,  100.383527,  100.735649,  44.984342,  44.960324
  52,  -920.000000,  0.000000,  0.000000,  100.280145,  100.677404,  44.958186,  44.944714
  53,  940.000000,  0.000000,  0.000000,  100.488081,  101.246401,  44.932894,  45.063928
  54,  -960.000000,  0.000000,  0.000000,  100.288229,  101.034616,  44.954509,  45.043919
  55,  460.000000,  0.000000,  0.000000,  100.221598,  100.799709,  44.943676,  44.981991
  56,  240.000000,  0.000000,  0.000000,  100.012673,  100.711538,  44.911342,  44.966365
  57,  -180.000000,  0.000000,  0.000000,  100.181625,  100.798701,  44.989026,  44.997501
  58,  -520.000000,  0.000000,  0.000000,  100.112562,  101.091988,  44.957826,  45.074667
  59,  -280.000000,  0.000000,  0.000000,  100.057388,  100.770969,  44.954132,  44.989085
  60,  -640.000000,  0.000000,  0.000000,  100.225471,  100.741917,  44.978343,  44.972359
  61,  960.000000,  0.000000,  0.000000,  100.611668,  100.964963,  44.964347,  44.982724
  62,  -300.000000,  0.000000,  0.000000,  100.233240,  100.937853,  45.003678,  45.035982
  63,  -100.000000,  0.000000,  0.000000,  99.999575,  100.567816,  44.934320,  44.932551
  64,  -580.000000,  0.000000,  0.000000,  99.931389,  100.781639,  44.900806,  44.985434
  65,  840.000000,  0.000000,  0.000000,  100.530544,  100.880792,  44.966923,  44.972807
  66,  580.000000,  0.000000,  0.000000,  100.069546,  100.885434,  44.884372,  44.997679
  67,  700.000000,  0.000000,  0.000000,  100.332407,  100.818297,  44.938681,  44.967945
  68,  -320.000000,  0.000000,  0.000000,  100.077021,  100.928946,  44.958880,  45.033166
  69,  -20.000000,  0.000000,  0.000000,  100.085214,  100.807720,  44.953501,  45.000484
  70,  420.000000,  0.000000,  0.000000,  100.345612,  100.857533,  44.984618,  45.000650
  71,  880.000000,  0.000000,  0.000000,  100.501685,  101.069869,  44.949579,  45.021559
  72,  -480.000000,  0.000000,  0.000000,  100.144003,  100.965696,  44.970227,  45.040310
  73,  -120.000000,  0.000000,  0.000000,  100.128237,  100.912442,  44.972052,  45.030032
  74,  -360.000000,  0.000000,  0.000000,  100.035870,  100.888128,  44.945934,  45.021181
  75,  260.000000,  0.000000,  0.000000,  100.208718,  100.910506,  44.964475,  45.021957
  76,  -380.000000,  0.000000,  0.000000,  99.972212,  100.942483,  44.927252,  45.036285
  77,  -60.000000,  0.000000,  0.000000,  100.298419,  100.843607,  45.017254,  45.010782
  78,  620.000000,  0.000000,  0.000000,  100.308760,  100.801925,  44.946017,  44.970927
  79,  -540.000000,  0.000000,  0.000000,  100.160951,  100.817443,  44.969478,  44.996548
  80,  -780.000000,  0.000000,  0.000000,  100.128239,  101.079560,  44.935348,  45.063279
  81,  -240.000000,  0.000000,  0.000000,  99.943691,  100.844466,  44.921722,  45.010083
  82,  340.000000,  0.000000,  0.000000,  100.287615,  100.792037,  44.977654,  44.985116
  83,  -400.000000,  0.000000,  0.000000,  100.117617,  100.650295,  44.968015,  44.953234
  84,  520.000000,  0.000000,  0.000000,  100.157217,  100.837402,  44.917320,  44.988849
  85,  -140.000000,  0.000000,  0.000000,  100.026524,  100.719081,  44.944138,  44.975353
  86,  -200.000000,  0.000000,  0.000000,  100.051252,  100.922588,  44.952392,  45.032410
  87,  100.000000,  0.000000,  0.000000,  100.053543,  100.874981,  44.935616,  45.017690
  88,  -680.000000,  0.000000,  0.000000,  100.177959,  100.979349,  44.961381,  45.038254
  89,  -260.000000,  0.000000,  0.000000,  100.013023,  100.783400,  44.941479,  44.992707
  90,  -40.000000,  0.000000,  0.000000,  100.051999,  100.916765,  44.945835,  45.031445
  91,  -80.000000,  0.000000,  0.000000,  100.266475,  100.821002,  45.009514,  45.004393
  92,  560.000000,  0.000000,  0.000000,  100.243494,  100.974228,  44.936389,  45.024203
  93,  -740.000000,  0.000000,  0.000000,  100.105243,  100.894935,  44.932545,  45.012522
  94,  1000.000000,  0.000000,  0.000000,  100.826731,  101.095542,  45.016362,  45.016002
  95,  500.000000,  0.000000,  0.000000,  100.275698,  100.981124,  44.953588,  45.030845
  96,  200.000000,  0.000000,  0.000000,  100.049342,  101.024892,  44.925066,  45.056653
  97,  -460.000000,  0.000000,  0.000000,  99.893585,  100.851062,  44.900047,  45.008178
  98,  -560.000000,  0.000000,  0.000000,  100.043531,  100.681572,  44.934844,  44.957533
  99,  -220.000000,  0.000000,  0.000000,  100.057257,  100.750082,  44.954068,  44.983385
 100,  220.000000,  0.000000,  0.000000,  99.927668,  100.935669,  44.888444,  45.030659
 101,  740.000000,  0.000000,  0.000000,  100.162476,  100.760552,  44.881745,  44.948229
