$MPI_FEM
4
$MPI_FRE
1
$LU_NPROW
2
$LU_NPCOL
2
$BOUNDARY_CONDITION
1
//1-Dirichlet
//2-Newman
$Z_AXIS_DIRECTION
2
//1-up
//2-down
$PHYSICAL_AREA_COND
3
1    0.0000000001
2    0.01
3    0.01
$END_PHY
$PHYSICAL_AREA_MU
3
1    0.0
2    0.0
3    0.0
$END_PHY
$Anisotropicc
1
area 2
sigma1    0.01
sigma2    0.01
sigma3    0.01
strike  0
dip     0
slant   0      
$END_Anicc
$Anisotropicm
3
area 3
magnetic1    0.4
magnetic2    -0.1
magnetic3    0.0
strike  0
dip     0
slant   0 
area 2
magnetic1    0.0
magnetic2    0.0
magnetic3    0.0
strike  0
dip     0
slant   0     
area 1
magnetic1    0.0
magnetic2    0.0
magnetic3    0.0
strike  0
dip     0
slant   0  
$END_Anicm
$FREQUENCY
1
1   0.1
$END_FREQUENCY
$COLLECT_POINT_XYZ
1681
1	-2000	-2000	0
2	-2000	-1900	0
3	-2000	-1800	0
4	-2000	-1700	0
5	-2000	-1600	0
6	-2000	-1500	0
7	-2000	-1400	0
8	-2000	-1300	0
9	-2000	-1200	0
10	-2000	-1100	0
11	-2000	-1000	0
12	-2000	-900	0
13	-2000	-800	0
14	-2000	-700	0
15	-2000	-600	0
16	-2000	-500	0
17	-2000	-400	0
18	-2000	-300	0
19	-2000	-200	0
20	-2000	-100	0
21	-2000	0	0
22	-2000	100	0
23	-2000	200	0
24	-2000	300	0
25	-2000	400	0
26	-2000	500	0
27	-2000	600	0
28	-2000	700	0
29	-2000	800	0
30	-2000	900	0
31	-2000	1000	0
32	-2000	1100	0
33	-2000	1200	0
34	-2000	1300	0
35	-2000	1400	0
36	-2000	1500	0
37	-2000	1600	0
38	-2000	1700	0
39	-2000	1800	0
40	-2000	1900	0
41	-2000	2000	0
42	-1900	-2000	0
43	-1900	-1900	0
44	-1900	-1800	0
45	-1900	-1700	0
46	-1900	-1600	0
47	-1900	-1500	0
48	-1900	-1400	0
49	-1900	-1300	0
50	-1900	-1200	0
51	-1900	-1100	0
52	-1900	-1000	0
53	-1900	-900	0
54	-1900	-800	0
55	-1900	-700	0
56	-1900	-600	0
57	-1900	-500	0
58	-1900	-400	0
59	-1900	-300	0
60	-1900	-200	0
61	-1900	-100	0
62	-1900	0	0
63	-1900	100	0
64	-1900	200	0
65	-1900	300	0
66	-1900	400	0
67	-1900	500	0
68	-1900	600	0
69	-1900	700	0
70	-1900	800	0
71	-1900	900	0
72	-1900	1000	0
73	-1900	1100	0
74	-1900	1200	0
75	-1900	1300	0
76	-1900	1400	0
77	-1900	1500	0
78	-1900	1600	0
79	-1900	1700	0
80	-1900	1800	0
81	-1900	1900	0
82	-1900	2000	0
83	-1800	-2000	0
84	-1800	-1900	0
85	-1800	-1800	0
86	-1800	-1700	0
87	-1800	-1600	0
88	-1800	-1500	0
89	-1800	-1400	0
90	-1800	-1300	0
91	-1800	-1200	0
92	-1800	-1100	0
93	-1800	-1000	0
94	-1800	-900	0
95	-1800	-800	0
96	-1800	-700	0
97	-1800	-600	0
98	-1800	-500	0
99	-1800	-400	0
100	-1800	-300	0
101	-1800	-200	0
102	-1800	-100	0
103	-1800	0	0
104	-1800	100	0
105	-1800	200	0
106	-1800	300	0
107	-1800	400	0
108	-1800	500	0
109	-1800	600	0
110	-1800	700	0
111	-1800	800	0
112	-1800	900	0
113	-1800	1000	0
114	-1800	1100	0
115	-1800	1200	0
116	-1800	1300	0
117	-1800	1400	0
118	-1800	1500	0
119	-1800	1600	0
120	-1800	1700	0
121	-1800	1800	0
122	-1800	1900	0
123	-1800	2000	0
124	-1700	-2000	0
125	-1700	-1900	0
126	-1700	-1800	0
127	-1700	-1700	0
128	-1700	-1600	0
129	-1700	-1500	0
130	-1700	-1400	0
131	-1700	-1300	0
132	-1700	-1200	0
133	-1700	-1100	0
134	-1700	-1000	0
135	-1700	-900	0
136	-1700	-800	0
137	-1700	-700	0
138	-1700	-600	0
139	-1700	-500	0
140	-1700	-400	0
141	-1700	-300	0
142	-1700	-200	0
143	-1700	-100	0
144	-1700	0	0
145	-1700	100	0
146	-1700	200	0
147	-1700	300	0
148	-1700	400	0
149	-1700	500	0
150	-1700	600	0
151	-1700	700	0
152	-1700	800	0
153	-1700	900	0
154	-1700	1000	0
155	-1700	1100	0
156	-1700	1200	0
157	-1700	1300	0
158	-1700	1400	0
159	-1700	1500	0
160	-1700	1600	0
161	-1700	1700	0
162	-1700	1800	0
163	-1700	1900	0
164	-1700	2000	0
165	-1600	-2000	0
166	-1600	-1900	0
167	-1600	-1800	0
168	-1600	-1700	0
169	-1600	-1600	0
170	-1600	-1500	0
171	-1600	-1400	0
172	-1600	-1300	0
173	-1600	-1200	0
174	-1600	-1100	0
175	-1600	-1000	0
176	-1600	-900	0
177	-1600	-800	0
178	-1600	-700	0
179	-1600	-600	0
180	-1600	-500	0
181	-1600	-400	0
182	-1600	-300	0
183	-1600	-200	0
184	-1600	-100	0
185	-1600	0	0
186	-1600	100	0
187	-1600	200	0
188	-1600	300	0
189	-1600	400	0
190	-1600	500	0
191	-1600	600	0
192	-1600	700	0
193	-1600	800	0
194	-1600	900	0
195	-1600	1000	0
196	-1600	1100	0
197	-1600	1200	0
198	-1600	1300	0
199	-1600	1400	0
200	-1600	1500	0
201	-1600	1600	0
202	-1600	1700	0
203	-1600	1800	0
204	-1600	1900	0
205	-1600	2000	0
206	-1500	-2000	0
207	-1500	-1900	0
208	-1500	-1800	0
209	-1500	-1700	0
210	-1500	-1600	0
211	-1500	-1500	0
212	-1500	-1400	0
213	-1500	-1300	0
214	-1500	-1200	0
215	-1500	-1100	0
216	-1500	-1000	0
217	-1500	-900	0
218	-1500	-800	0
219	-1500	-700	0
220	-1500	-600	0
221	-1500	-500	0
222	-1500	-400	0
223	-1500	-300	0
224	-1500	-200	0
225	-1500	-100	0
226	-1500	0	0
227	-1500	100	0
228	-1500	200	0
229	-1500	300	0
230	-1500	400	0
231	-1500	500	0
232	-1500	600	0
233	-1500	700	0
234	-1500	800	0
235	-1500	900	0
236	-1500	1000	0
237	-1500	1100	0
238	-1500	1200	0
239	-1500	1300	0
240	-1500	1400	0
241	-1500	1500	0
242	-1500	1600	0
243	-1500	1700	0
244	-1500	1800	0
245	-1500	1900	0
246	-1500	2000	0
247	-1400	-2000	0
248	-1400	-1900	0
249	-1400	-1800	0
250	-1400	-1700	0
251	-1400	-1600	0
252	-1400	-1500	0
253	-1400	-1400	0
254	-1400	-1300	0
255	-1400	-1200	0
256	-1400	-1100	0
257	-1400	-1000	0
258	-1400	-900	0
259	-1400	-800	0
260	-1400	-700	0
261	-1400	-600	0
262	-1400	-500	0
263	-1400	-400	0
264	-1400	-300	0
265	-1400	-200	0
266	-1400	-100	0
267	-1400	0	0
268	-1400	100	0
269	-1400	200	0
270	-1400	300	0
271	-1400	400	0
272	-1400	500	0
273	-1400	600	0
274	-1400	700	0
275	-1400	800	0
276	-1400	900	0
277	-1400	1000	0
278	-1400	1100	0
279	-1400	1200	0
280	-1400	1300	0
281	-1400	1400	0
282	-1400	1500	0
283	-1400	1600	0
284	-1400	1700	0
285	-1400	1800	0
286	-1400	1900	0
287	-1400	2000	0
288	-1300	-2000	0
289	-1300	-1900	0
290	-1300	-1800	0
291	-1300	-1700	0
292	-1300	-1600	0
293	-1300	-1500	0
294	-1300	-1400	0
295	-1300	-1300	0
296	-1300	-1200	0
297	-1300	-1100	0
298	-1300	-1000	0
299	-1300	-900	0
300	-1300	-800	0
301	-1300	-700	0
302	-1300	-600	0
303	-1300	-500	0
304	-1300	-400	0
305	-1300	-300	0
306	-1300	-200	0
307	-1300	-100	0
308	-1300	0	0
309	-1300	100	0
310	-1300	200	0
311	-1300	300	0
312	-1300	400	0
313	-1300	500	0
314	-1300	600	0
315	-1300	700	0
316	-1300	800	0
317	-1300	900	0
318	-1300	1000	0
319	-1300	1100	0
320	-1300	1200	0
321	-1300	1300	0
322	-1300	1400	0
323	-1300	1500	0
324	-1300	1600	0
325	-1300	1700	0
326	-1300	1800	0
327	-1300	1900	0
328	-1300	2000	0
329	-1200	-2000	0
330	-1200	-1900	0
331	-1200	-1800	0
332	-1200	-1700	0
333	-1200	-1600	0
334	-1200	-1500	0
335	-1200	-1400	0
336	-1200	-1300	0
337	-1200	-1200	0
338	-1200	-1100	0
339	-1200	-1000	0
340	-1200	-900	0
341	-1200	-800	0
342	-1200	-700	0
343	-1200	-600	0
344	-1200	-500	0
345	-1200	-400	0
346	-1200	-300	0
347	-1200	-200	0
348	-1200	-100	0
349	-1200	0	0
350	-1200	100	0
351	-1200	200	0
352	-1200	300	0
353	-1200	400	0
354	-1200	500	0
355	-1200	600	0
356	-1200	700	0
357	-1200	800	0
358	-1200	900	0
359	-1200	1000	0
360	-1200	1100	0
361	-1200	1200	0
362	-1200	1300	0
363	-1200	1400	0
364	-1200	1500	0
365	-1200	1600	0
366	-1200	1700	0
367	-1200	1800	0
368	-1200	1900	0
369	-1200	2000	0
370	-1100	-2000	0
371	-1100	-1900	0
372	-1100	-1800	0
373	-1100	-1700	0
374	-1100	-1600	0
375	-1100	-1500	0
376	-1100	-1400	0
377	-1100	-1300	0
378	-1100	-1200	0
379	-1100	-1100	0
380	-1100	-1000	0
381	-1100	-900	0
382	-1100	-800	0
383	-1100	-700	0
384	-1100	-600	0
385	-1100	-500	0
386	-1100	-400	0
387	-1100	-300	0
388	-1100	-200	0
389	-1100	-100	0
390	-1100	0	0
391	-1100	100	0
392	-1100	200	0
393	-1100	300	0
394	-1100	400	0
395	-1100	500	0
396	-1100	600	0
397	-1100	700	0
398	-1100	800	0
399	-1100	900	0
400	-1100	1000	0
401	-1100	1100	0
402	-1100	1200	0
403	-1100	1300	0
404	-1100	1400	0
405	-1100	1500	0
406	-1100	1600	0
407	-1100	1700	0
408	-1100	1800	0
409	-1100	1900	0
410	-1100	2000	0
411	-1000	-2000	0
412	-1000	-1900	0
413	-1000	-1800	0
414	-1000	-1700	0
415	-1000	-1600	0
416	-1000	-1500	0
417	-1000	-1400	0
418	-1000	-1300	0
419	-1000	-1200	0
420	-1000	-1100	0
421	-1000	-1000	0
422	-1000	-900	0
423	-1000	-800	0
424	-1000	-700	0
425	-1000	-600	0
426	-1000	-500	0
427	-1000	-400	0
428	-1000	-300	0
429	-1000	-200	0
430	-1000	-100	0
431	-1000	0	0
432	-1000	100	0
433	-1000	200	0
434	-1000	300	0
435	-1000	400	0
436	-1000	500	0
437	-1000	600	0
438	-1000	700	0
439	-1000	800	0
440	-1000	900	0
441	-1000	1000	0
442	-1000	1100	0
443	-1000	1200	0
444	-1000	1300	0
445	-1000	1400	0
446	-1000	1500	0
447	-1000	1600	0
448	-1000	1700	0
449	-1000	1800	0
450	-1000	1900	0
451	-1000	2000	0
452	-900	-2000	0
453	-900	-1900	0
454	-900	-1800	0
455	-900	-1700	0
456	-900	-1600	0
457	-900	-1500	0
458	-900	-1400	0
459	-900	-1300	0
460	-900	-1200	0
461	-900	-1100	0
462	-900	-1000	0
463	-900	-900	0
464	-900	-800	0
465	-900	-700	0
466	-900	-600	0
467	-900	-500	0
468	-900	-400	0
469	-900	-300	0
470	-900	-200	0
471	-900	-100	0
472	-900	0	0
473	-900	100	0
474	-900	200	0
475	-900	300	0
476	-900	400	0
477	-900	500	0
478	-900	600	0
479	-900	700	0
480	-900	800	0
481	-900	900	0
482	-900	1000	0
483	-900	1100	0
484	-900	1200	0
485	-900	1300	0
486	-900	1400	0
487	-900	1500	0
488	-900	1600	0
489	-900	1700	0
490	-900	1800	0
491	-900	1900	0
492	-900	2000	0
493	-800	-2000	0
494	-800	-1900	0
495	-800	-1800	0
496	-800	-1700	0
497	-800	-1600	0
498	-800	-1500	0
499	-800	-1400	0
500	-800	-1300	0
501	-800	-1200	0
502	-800	-1100	0
503	-800	-1000	0
504	-800	-900	0
505	-800	-800	0
506	-800	-700	0
507	-800	-600	0
508	-800	-500	0
509	-800	-400	0
510	-800	-300	0
511	-800	-200	0
512	-800	-100	0
513	-800	0	0
514	-800	100	0
515	-800	200	0
516	-800	300	0
517	-800	400	0
518	-800	500	0
519	-800	600	0
520	-800	700	0
521	-800	800	0
522	-800	900	0
523	-800	1000	0
524	-800	1100	0
525	-800	1200	0
526	-800	1300	0
527	-800	1400	0
528	-800	1500	0
529	-800	1600	0
530	-800	1700	0
531	-800	1800	0
532	-800	1900	0
533	-800	2000	0
534	-700	-2000	0
535	-700	-1900	0
536	-700	-1800	0
537	-700	-1700	0
538	-700	-1600	0
539	-700	-1500	0
540	-700	-1400	0
541	-700	-1300	0
542	-700	-1200	0
543	-700	-1100	0
544	-700	-1000	0
545	-700	-900	0
546	-700	-800	0
547	-700	-700	0
548	-700	-600	0
549	-700	-500	0
550	-700	-400	0
551	-700	-300	0
552	-700	-200	0
553	-700	-100	0
554	-700	0	0
555	-700	100	0
556	-700	200	0
557	-700	300	0
558	-700	400	0
559	-700	500	0
560	-700	600	0
561	-700	700	0
562	-700	800	0
563	-700	900	0
564	-700	1000	0
565	-700	1100	0
566	-700	1200	0
567	-700	1300	0
568	-700	1400	0
569	-700	1500	0
570	-700	1600	0
571	-700	1700	0
572	-700	1800	0
573	-700	1900	0
574	-700	2000	0
575	-600	-2000	0
576	-600	-1900	0
577	-600	-1800	0
578	-600	-1700	0
579	-600	-1600	0
580	-600	-1500	0
581	-600	-1400	0
582	-600	-1300	0
583	-600	-1200	0
584	-600	-1100	0
585	-600	-1000	0
586	-600	-900	0
587	-600	-800	0
588	-600	-700	0
589	-600	-600	0
590	-600	-500	0
591	-600	-400	0
592	-600	-300	0
593	-600	-200	0
594	-600	-100	0
595	-600	0	0
596	-600	100	0
597	-600	200	0
598	-600	300	0
599	-600	400	0
600	-600	500	0
601	-600	600	0
602	-600	700	0
603	-600	800	0
604	-600	900	0
605	-600	1000	0
606	-600	1100	0
607	-600	1200	0
608	-600	1300	0
609	-600	1400	0
610	-600	1500	0
611	-600	1600	0
612	-600	1700	0
613	-600	1800	0
614	-600	1900	0
615	-600	2000	0
616	-500	-2000	0
617	-500	-1900	0
618	-500	-1800	0
619	-500	-1700	0
620	-500	-1600	0
621	-500	-1500	0
622	-500	-1400	0
623	-500	-1300	0
624	-500	-1200	0
625	-500	-1100	0
626	-500	-1000	0
627	-500	-900	0
628	-500	-800	0
629	-500	-700	0
630	-500	-600	0
631	-500	-500	0
632	-500	-400	0
633	-500	-300	0
634	-500	-200	0
635	-500	-100	0
636	-500	0	0
637	-500	100	0
638	-500	200	0
639	-500	300	0
640	-500	400	0
641	-500	500	0
642	-500	600	0
643	-500	700	0
644	-500	800	0
645	-500	900	0
646	-500	1000	0
647	-500	1100	0
648	-500	1200	0
649	-500	1300	0
650	-500	1400	0
651	-500	1500	0
652	-500	1600	0
653	-500	1700	0
654	-500	1800	0
655	-500	1900	0
656	-500	2000	0
657	-400	-2000	0
658	-400	-1900	0
659	-400	-1800	0
660	-400	-1700	0
661	-400	-1600	0
662	-400	-1500	0
663	-400	-1400	0
664	-400	-1300	0
665	-400	-1200	0
666	-400	-1100	0
667	-400	-1000	0
668	-400	-900	0
669	-400	-800	0
670	-400	-700	0
671	-400	-600	0
672	-400	-500	0
673	-400	-400	0
674	-400	-300	0
675	-400	-200	0
676	-400	-100	0
677	-400	0	0
678	-400	100	0
679	-400	200	0
680	-400	300	0
681	-400	400	0
682	-400	500	0
683	-400	600	0
684	-400	700	0
685	-400	800	0
686	-400	900	0
687	-400	1000	0
688	-400	1100	0
689	-400	1200	0
690	-400	1300	0
691	-400	1400	0
692	-400	1500	0
693	-400	1600	0
694	-400	1700	0
695	-400	1800	0
696	-400	1900	0
697	-400	2000	0
698	-300	-2000	0
699	-300	-1900	0
700	-300	-1800	0
701	-300	-1700	0
702	-300	-1600	0
703	-300	-1500	0
704	-300	-1400	0
705	-300	-1300	0
706	-300	-1200	0
707	-300	-1100	0
708	-300	-1000	0
709	-300	-900	0
710	-300	-800	0
711	-300	-700	0
712	-300	-600	0
713	-300	-500	0
714	-300	-400	0
715	-300	-300	0
716	-300	-200	0
717	-300	-100	0
718	-300	0	0
719	-300	100	0
720	-300	200	0
721	-300	300	0
722	-300	400	0
723	-300	500	0
724	-300	600	0
725	-300	700	0
726	-300	800	0
727	-300	900	0
728	-300	1000	0
729	-300	1100	0
730	-300	1200	0
731	-300	1300	0
732	-300	1400	0
733	-300	1500	0
734	-300	1600	0
735	-300	1700	0
736	-300	1800	0
737	-300	1900	0
738	-300	2000	0
739	-200	-2000	0
740	-200	-1900	0
741	-200	-1800	0
742	-200	-1700	0
743	-200	-1600	0
744	-200	-1500	0
745	-200	-1400	0
746	-200	-1300	0
747	-200	-1200	0
748	-200	-1100	0
749	-200	-1000	0
750	-200	-900	0
751	-200	-800	0
752	-200	-700	0
753	-200	-600	0
754	-200	-500	0
755	-200	-400	0
756	-200	-300	0
757	-200	-200	0
758	-200	-100	0
759	-200	0	0
760	-200	100	0
761	-200	200	0
762	-200	300	0
763	-200	400	0
764	-200	500	0
765	-200	600	0
766	-200	700	0
767	-200	800	0
768	-200	900	0
769	-200	1000	0
770	-200	1100	0
771	-200	1200	0
772	-200	1300	0
773	-200	1400	0
774	-200	1500	0
775	-200	1600	0
776	-200	1700	0
777	-200	1800	0
778	-200	1900	0
779	-200	2000	0
780	-100	-2000	0
781	-100	-1900	0
782	-100	-1800	0
783	-100	-1700	0
784	-100	-1600	0
785	-100	-1500	0
786	-100	-1400	0
787	-100	-1300	0
788	-100	-1200	0
789	-100	-1100	0
790	-100	-1000	0
791	-100	-900	0
792	-100	-800	0
793	-100	-700	0
794	-100	-600	0
795	-100	-500	0
796	-100	-400	0
797	-100	-300	0
798	-100	-200	0
799	-100	-100	0
800	-100	0	0
801	-100	100	0
802	-100	200	0
803	-100	300	0
804	-100	400	0
805	-100	500	0
806	-100	600	0
807	-100	700	0
808	-100	800	0
809	-100	900	0
810	-100	1000	0
811	-100	1100	0
812	-100	1200	0
813	-100	1300	0
814	-100	1400	0
815	-100	1500	0
816	-100	1600	0
817	-100	1700	0
818	-100	1800	0
819	-100	1900	0
820	-100	2000	0
821	0	-2000	0
822	0	-1900	0
823	0	-1800	0
824	0	-1700	0
825	0	-1600	0
826	0	-1500	0
827	0	-1400	0
828	0	-1300	0
829	0	-1200	0
830	0	-1100	0
831	0	-1000	0
832	0	-900	0
833	0	-800	0
834	0	-700	0
835	0	-600	0
836	0	-500	0
837	0	-400	0
838	0	-300	0
839	0	-200	0
840	0	-100	0
841	0	0	0
842	0	100	0
843	0	200	0
844	0	300	0
845	0	400	0
846	0	500	0
847	0	600	0
848	0	700	0
849	0	800	0
850	0	900	0
851	0	1000	0
852	0	1100	0
853	0	1200	0
854	0	1300	0
855	0	1400	0
856	0	1500	0
857	0	1600	0
858	0	1700	0
859	0	1800	0
860	0	1900	0
861	0	2000	0
862	100	-2000	0
863	100	-1900	0
864	100	-1800	0
865	100	-1700	0
866	100	-1600	0
867	100	-1500	0
868	100	-1400	0
869	100	-1300	0
870	100	-1200	0
871	100	-1100	0
872	100	-1000	0
873	100	-900	0
874	100	-800	0
875	100	-700	0
876	100	-600	0
877	100	-500	0
878	100	-400	0
879	100	-300	0
880	100	-200	0
881	100	-100	0
882	100	0	0
883	100	100	0
884	100	200	0
885	100	300	0
886	100	400	0
887	100	500	0
888	100	600	0
889	100	700	0
890	100	800	0
891	100	900	0
892	100	1000	0
893	100	1100	0
894	100	1200	0
895	100	1300	0
896	100	1400	0
897	100	1500	0
898	100	1600	0
899	100	1700	0
900	100	1800	0
901	100	1900	0
902	100	2000	0
903	200	-2000	0
904	200	-1900	0
905	200	-1800	0
906	200	-1700	0
907	200	-1600	0
908	200	-1500	0
909	200	-1400	0
910	200	-1300	0
911	200	-1200	0
912	200	-1100	0
913	200	-1000	0
914	200	-900	0
915	200	-800	0
916	200	-700	0
917	200	-600	0
918	200	-500	0
919	200	-400	0
920	200	-300	0
921	200	-200	0
922	200	-100	0
923	200	0	0
924	200	100	0
925	200	200	0
926	200	300	0
927	200	400	0
928	200	500	0
929	200	600	0
930	200	700	0
931	200	800	0
932	200	900	0
933	200	1000	0
934	200	1100	0
935	200	1200	0
936	200	1300	0
937	200	1400	0
938	200	1500	0
939	200	1600	0
940	200	1700	0
941	200	1800	0
942	200	1900	0
943	200	2000	0
944	300	-2000	0
945	300	-1900	0
946	300	-1800	0
947	300	-1700	0
948	300	-1600	0
949	300	-1500	0
950	300	-1400	0
951	300	-1300	0
952	300	-1200	0
953	300	-1100	0
954	300	-1000	0
955	300	-900	0
956	300	-800	0
957	300	-700	0
958	300	-600	0
959	300	-500	0
960	300	-400	0
961	300	-300	0
962	300	-200	0
963	300	-100	0
964	300	0	0
965	300	100	0
966	300	200	0
967	300	300	0
968	300	400	0
969	300	500	0
970	300	600	0
971	300	700	0
972	300	800	0
973	300	900	0
974	300	1000	0
975	300	1100	0
976	300	1200	0
977	300	1300	0
978	300	1400	0
979	300	1500	0
980	300	1600	0
981	300	1700	0
982	300	1800	0
983	300	1900	0
984	300	2000	0
985	400	-2000	0
986	400	-1900	0
987	400	-1800	0
988	400	-1700	0
989	400	-1600	0
990	400	-1500	0
991	400	-1400	0
992	400	-1300	0
993	400	-1200	0
994	400	-1100	0
995	400	-1000	0
996	400	-900	0
997	400	-800	0
998	400	-700	0
999	400	-600	0
1000	400	-500	0
1001	400	-400	0
1002	400	-300	0
1003	400	-200	0
1004	400	-100	0
1005	400	0	0
1006	400	100	0
1007	400	200	0
1008	400	300	0
1009	400	400	0
1010	400	500	0
1011	400	600	0
1012	400	700	0
1013	400	800	0
1014	400	900	0
1015	400	1000	0
1016	400	1100	0
1017	400	1200	0
1018	400	1300	0
1019	400	1400	0
1020	400	1500	0
1021	400	1600	0
1022	400	1700	0
1023	400	1800	0
1024	400	1900	0
1025	400	2000	0
1026	500	-2000	0
1027	500	-1900	0
1028	500	-1800	0
1029	500	-1700	0
1030	500	-1600	0
1031	500	-1500	0
1032	500	-1400	0
1033	500	-1300	0
1034	500	-1200	0
1035	500	-1100	0
1036	500	-1000	0
1037	500	-900	0
1038	500	-800	0
1039	500	-700	0
1040	500	-600	0
1041	500	-500	0
1042	500	-400	0
1043	500	-300	0
1044	500	-200	0
1045	500	-100	0
1046	500	0	0
1047	500	100	0
1048	500	200	0
1049	500	300	0
1050	500	400	0
1051	500	500	0
1052	500	600	0
1053	500	700	0
1054	500	800	0
1055	500	900	0
1056	500	1000	0
1057	500	1100	0
1058	500	1200	0
1059	500	1300	0
1060	500	1400	0
1061	500	1500	0
1062	500	1600	0
1063	500	1700	0
1064	500	1800	0
1065	500	1900	0
1066	500	2000	0
1067	600	-2000	0
1068	600	-1900	0
1069	600	-1800	0
1070	600	-1700	0
1071	600	-1600	0
1072	600	-1500	0
1073	600	-1400	0
1074	600	-1300	0
1075	600	-1200	0
1076	600	-1100	0
1077	600	-1000	0
1078	600	-900	0
1079	600	-800	0
1080	600	-700	0
1081	600	-600	0
1082	600	-500	0
1083	600	-400	0
1084	600	-300	0
1085	600	-200	0
1086	600	-100	0
1087	600	0	0
1088	600	100	0
1089	600	200	0
1090	600	300	0
1091	600	400	0
1092	600	500	0
1093	600	600	0
1094	600	700	0
1095	600	800	0
1096	600	900	0
1097	600	1000	0
1098	600	1100	0
1099	600	1200	0
1100	600	1300	0
1101	600	1400	0
1102	600	1500	0
1103	600	1600	0
1104	600	1700	0
1105	600	1800	0
1106	600	1900	0
1107	600	2000	0
1108	700	-2000	0
1109	700	-1900	0
1110	700	-1800	0
1111	700	-1700	0
1112	700	-1600	0
1113	700	-1500	0
1114	700	-1400	0
1115	700	-1300	0
1116	700	-1200	0
1117	700	-1100	0
1118	700	-1000	0
1119	700	-900	0
1120	700	-800	0
1121	700	-700	0
1122	700	-600	0
1123	700	-500	0
1124	700	-400	0
1125	700	-300	0
1126	700	-200	0
1127	700	-100	0
1128	700	0	0
1129	700	100	0
1130	700	200	0
1131	700	300	0
1132	700	400	0
1133	700	500	0
1134	700	600	0
1135	700	700	0
1136	700	800	0
1137	700	900	0
1138	700	1000	0
1139	700	1100	0
1140	700	1200	0
1141	700	1300	0
1142	700	1400	0
1143	700	1500	0
1144	700	1600	0
1145	700	1700	0
1146	700	1800	0
1147	700	1900	0
1148	700	2000	0
1149	800	-2000	0
1150	800	-1900	0
1151	800	-1800	0
1152	800	-1700	0
1153	800	-1600	0
1154	800	-1500	0
1155	800	-1400	0
1156	800	-1300	0
1157	800	-1200	0
1158	800	-1100	0
1159	800	-1000	0
1160	800	-900	0
1161	800	-800	0
1162	800	-700	0
1163	800	-600	0
1164	800	-500	0
1165	800	-400	0
1166	800	-300	0
1167	800	-200	0
1168	800	-100	0
1169	800	0	0
1170	800	100	0
1171	800	200	0
1172	800	300	0
1173	800	400	0
1174	800	500	0
1175	800	600	0
1176	800	700	0
1177	800	800	0
1178	800	900	0
1179	800	1000	0
1180	800	1100	0
1181	800	1200	0
1182	800	1300	0
1183	800	1400	0
1184	800	1500	0
1185	800	1600	0
1186	800	1700	0
1187	800	1800	0
1188	800	1900	0
1189	800	2000	0
1190	900	-2000	0
1191	900	-1900	0
1192	900	-1800	0
1193	900	-1700	0
1194	900	-1600	0
1195	900	-1500	0
1196	900	-1400	0
1197	900	-1300	0
1198	900	-1200	0
1199	900	-1100	0
1200	900	-1000	0
1201	900	-900	0
1202	900	-800	0
1203	900	-700	0
1204	900	-600	0
1205	900	-500	0
1206	900	-400	0
1207	900	-300	0
1208	900	-200	0
1209	900	-100	0
1210	900	0	0
1211	900	100	0
1212	900	200	0
1213	900	300	0
1214	900	400	0
1215	900	500	0
1216	900	600	0
1217	900	700	0
1218	900	800	0
1219	900	900	0
1220	900	1000	0
1221	900	1100	0
1222	900	1200	0
1223	900	1300	0
1224	900	1400	0
1225	900	1500	0
1226	900	1600	0
1227	900	1700	0
1228	900	1800	0
1229	900	1900	0
1230	900	2000	0
1231	1000	-2000	0
1232	1000	-1900	0
1233	1000	-1800	0
1234	1000	-1700	0
1235	1000	-1600	0
1236	1000	-1500	0
1237	1000	-1400	0
1238	1000	-1300	0
1239	1000	-1200	0
1240	1000	-1100	0
1241	1000	-1000	0
1242	1000	-900	0
1243	1000	-800	0
1244	1000	-700	0
1245	1000	-600	0
1246	1000	-500	0
1247	1000	-400	0
1248	1000	-300	0
1249	1000	-200	0
1250	1000	-100	0
1251	1000	0	0
1252	1000	100	0
1253	1000	200	0
1254	1000	300	0
1255	1000	400	0
1256	1000	500	0
1257	1000	600	0
1258	1000	700	0
1259	1000	800	0
1260	1000	900	0
1261	1000	1000	0
1262	1000	1100	0
1263	1000	1200	0
1264	1000	1300	0
1265	1000	1400	0
1266	1000	1500	0
1267	1000	1600	0
1268	1000	1700	0
1269	1000	1800	0
1270	1000	1900	0
1271	1000	2000	0
1272	1100	-2000	0
1273	1100	-1900	0
1274	1100	-1800	0
1275	1100	-1700	0
1276	1100	-1600	0
1277	1100	-1500	0
1278	1100	-1400	0
1279	1100	-1300	0
1280	1100	-1200	0
1281	1100	-1100	0
1282	1100	-1000	0
1283	1100	-900	0
1284	1100	-800	0
1285	1100	-700	0
1286	1100	-600	0
1287	1100	-500	0
1288	1100	-400	0
1289	1100	-300	0
1290	1100	-200	0
1291	1100	-100	0
1292	1100	0	0
1293	1100	100	0
1294	1100	200	0
1295	1100	300	0
1296	1100	400	0
1297	1100	500	0
1298	1100	600	0
1299	1100	700	0
1300	1100	800	0
1301	1100	900	0
1302	1100	1000	0
1303	1100	1100	0
1304	1100	1200	0
1305	1100	1300	0
1306	1100	1400	0
1307	1100	1500	0
1308	1100	1600	0
1309	1100	1700	0
1310	1100	1800	0
1311	1100	1900	0
1312	1100	2000	0
1313	1200	-2000	0
1314	1200	-1900	0
1315	1200	-1800	0
1316	1200	-1700	0
1317	1200	-1600	0
1318	1200	-1500	0
1319	1200	-1400	0
1320	1200	-1300	0
1321	1200	-1200	0
1322	1200	-1100	0
1323	1200	-1000	0
1324	1200	-900	0
1325	1200	-800	0
1326	1200	-700	0
1327	1200	-600	0
1328	1200	-500	0
1329	1200	-400	0
1330	1200	-300	0
1331	1200	-200	0
1332	1200	-100	0
1333	1200	0	0
1334	1200	100	0
1335	1200	200	0
1336	1200	300	0
1337	1200	400	0
1338	1200	500	0
1339	1200	600	0
1340	1200	700	0
1341	1200	800	0
1342	1200	900	0
1343	1200	1000	0
1344	1200	1100	0
1345	1200	1200	0
1346	1200	1300	0
1347	1200	1400	0
1348	1200	1500	0
1349	1200	1600	0
1350	1200	1700	0
1351	1200	1800	0
1352	1200	1900	0
1353	1200	2000	0
1354	1300	-2000	0
1355	1300	-1900	0
1356	1300	-1800	0
1357	1300	-1700	0
1358	1300	-1600	0
1359	1300	-1500	0
1360	1300	-1400	0
1361	1300	-1300	0
1362	1300	-1200	0
1363	1300	-1100	0
1364	1300	-1000	0
1365	1300	-900	0
1366	1300	-800	0
1367	1300	-700	0
1368	1300	-600	0
1369	1300	-500	0
1370	1300	-400	0
1371	1300	-300	0
1372	1300	-200	0
1373	1300	-100	0
1374	1300	0	0
1375	1300	100	0
1376	1300	200	0
1377	1300	300	0
1378	1300	400	0
1379	1300	500	0
1380	1300	600	0
1381	1300	700	0
1382	1300	800	0
1383	1300	900	0
1384	1300	1000	0
1385	1300	1100	0
1386	1300	1200	0
1387	1300	1300	0
1388	1300	1400	0
1389	1300	1500	0
1390	1300	1600	0
1391	1300	1700	0
1392	1300	1800	0
1393	1300	1900	0
1394	1300	2000	0
1395	1400	-2000	0
1396	1400	-1900	0
1397	1400	-1800	0
1398	1400	-1700	0
1399	1400	-1600	0
1400	1400	-1500	0
1401	1400	-1400	0
1402	1400	-1300	0
1403	1400	-1200	0
1404	1400	-1100	0
1405	1400	-1000	0
1406	1400	-900	0
1407	1400	-800	0
1408	1400	-700	0
1409	1400	-600	0
1410	1400	-500	0
1411	1400	-400	0
1412	1400	-300	0
1413	1400	-200	0
1414	1400	-100	0
1415	1400	0	0
1416	1400	100	0
1417	1400	200	0
1418	1400	300	0
1419	1400	400	0
1420	1400	500	0
1421	1400	600	0
1422	1400	700	0
1423	1400	800	0
1424	1400	900	0
1425	1400	1000	0
1426	1400	1100	0
1427	1400	1200	0
1428	1400	1300	0
1429	1400	1400	0
1430	1400	1500	0
1431	1400	1600	0
1432	1400	1700	0
1433	1400	1800	0
1434	1400	1900	0
1435	1400	2000	0
1436	1500	-2000	0
1437	1500	-1900	0
1438	1500	-1800	0
1439	1500	-1700	0
1440	1500	-1600	0
1441	1500	-1500	0
1442	1500	-1400	0
1443	1500	-1300	0
1444	1500	-1200	0
1445	1500	-1100	0
1446	1500	-1000	0
1447	1500	-900	0
1448	1500	-800	0
1449	1500	-700	0
1450	1500	-600	0
1451	1500	-500	0
1452	1500	-400	0
1453	1500	-300	0
1454	1500	-200	0
1455	1500	-100	0
1456	1500	0	0
1457	1500	100	0
1458	1500	200	0
1459	1500	300	0
1460	1500	400	0
1461	1500	500	0
1462	1500	600	0
1463	1500	700	0
1464	1500	800	0
1465	1500	900	0
1466	1500	1000	0
1467	1500	1100	0
1468	1500	1200	0
1469	1500	1300	0
1470	1500	1400	0
1471	1500	1500	0
1472	1500	1600	0
1473	1500	1700	0
1474	1500	1800	0
1475	1500	1900	0
1476	1500	2000	0
1477	1600	-2000	0
1478	1600	-1900	0
1479	1600	-1800	0
1480	1600	-1700	0
1481	1600	-1600	0
1482	1600	-1500	0
1483	1600	-1400	0
1484	1600	-1300	0
1485	1600	-1200	0
1486	1600	-1100	0
1487	1600	-1000	0
1488	1600	-900	0
1489	1600	-800	0
1490	1600	-700	0
1491	1600	-600	0
1492	1600	-500	0
1493	1600	-400	0
1494	1600	-300	0
1495	1600	-200	0
1496	1600	-100	0
1497	1600	0	0
1498	1600	100	0
1499	1600	200	0
1500	1600	300	0
1501	1600	400	0
1502	1600	500	0
1503	1600	600	0
1504	1600	700	0
1505	1600	800	0
1506	1600	900	0
1507	1600	1000	0
1508	1600	1100	0
1509	1600	1200	0
1510	1600	1300	0
1511	1600	1400	0
1512	1600	1500	0
1513	1600	1600	0
1514	1600	1700	0
1515	1600	1800	0
1516	1600	1900	0
1517	1600	2000	0
1518	1700	-2000	0
1519	1700	-1900	0
1520	1700	-1800	0
1521	1700	-1700	0
1522	1700	-1600	0
1523	1700	-1500	0
1524	1700	-1400	0
1525	1700	-1300	0
1526	1700	-1200	0
1527	1700	-1100	0
1528	1700	-1000	0
1529	1700	-900	0
1530	1700	-800	0
1531	1700	-700	0
1532	1700	-600	0
1533	1700	-500	0
1534	1700	-400	0
1535	1700	-300	0
1536	1700	-200	0
1537	1700	-100	0
1538	1700	0	0
1539	1700	100	0
1540	1700	200	0
1541	1700	300	0
1542	1700	400	0
1543	1700	500	0
1544	1700	600	0
1545	1700	700	0
1546	1700	800	0
1547	1700	900	0
1548	1700	1000	0
1549	1700	1100	0
1550	1700	1200	0
1551	1700	1300	0
1552	1700	1400	0
1553	1700	1500	0
1554	1700	1600	0
1555	1700	1700	0
1556	1700	1800	0
1557	1700	1900	0
1558	1700	2000	0
1559	1800	-2000	0
1560	1800	-1900	0
1561	1800	-1800	0
1562	1800	-1700	0
1563	1800	-1600	0
1564	1800	-1500	0
1565	1800	-1400	0
1566	1800	-1300	0
1567	1800	-1200	0
1568	1800	-1100	0
1569	1800	-1000	0
1570	1800	-900	0
1571	1800	-800	0
1572	1800	-700	0
1573	1800	-600	0
1574	1800	-500	0
1575	1800	-400	0
1576	1800	-300	0
1577	1800	-200	0
1578	1800	-100	0
1579	1800	0	0
1580	1800	100	0
1581	1800	200	0
1582	1800	300	0
1583	1800	400	0
1584	1800	500	0
1585	1800	600	0
1586	1800	700	0
1587	1800	800	0
1588	1800	900	0
1589	1800	1000	0
1590	1800	1100	0
1591	1800	1200	0
1592	1800	1300	0
1593	1800	1400	0
1594	1800	1500	0
1595	1800	1600	0
1596	1800	1700	0
1597	1800	1800	0
1598	1800	1900	0
1599	1800	2000	0
1600	1900	-2000	0
1601	1900	-1900	0
1602	1900	-1800	0
1603	1900	-1700	0
1604	1900	-1600	0
1605	1900	-1500	0
1606	1900	-1400	0
1607	1900	-1300	0
1608	1900	-1200	0
1609	1900	-1100	0
1610	1900	-1000	0
1611	1900	-900	0
1612	1900	-800	0
1613	1900	-700	0
1614	1900	-600	0
1615	1900	-500	0
1616	1900	-400	0
1617	1900	-300	0
1618	1900	-200	0
1619	1900	-100	0
1620	1900	0	0
1621	1900	100	0
1622	1900	200	0
1623	1900	300	0
1624	1900	400	0
1625	1900	500	0
1626	1900	600	0
1627	1900	700	0
1628	1900	800	0
1629	1900	900	0
1630	1900	1000	0
1631	1900	1100	0
1632	1900	1200	0
1633	1900	1300	0
1634	1900	1400	0
1635	1900	1500	0
1636	1900	1600	0
1637	1900	1700	0
1638	1900	1800	0
1639	1900	1900	0
1640	1900	2000	0
1641	2000	-2000	0
1642	2000	-1900	0
1643	2000	-1800	0
1644	2000	-1700	0
1645	2000	-1600	0
1646	2000	-1500	0
1647	2000	-1400	0
1648	2000	-1300	0
1649	2000	-1200	0
1650	2000	-1100	0
1651	2000	-1000	0
1652	2000	-900	0
1653	2000	-800	0
1654	2000	-700	0
1655	2000	-600	0
1656	2000	-500	0
1657	2000	-400	0
1658	2000	-300	0
1659	2000	-200	0
1660	2000	-100	0
1661	2000	0	0
1662	2000	100	0
1663	2000	200	0
1664	2000	300	0
1665	2000	400	0
1666	2000	500	0
1667	2000	600	0
1668	2000	700	0
1669	2000	800	0
1670	2000	900	0
1671	2000	1000	0
1672	2000	1100	0
1673	2000	1200	0
1674	2000	1300	0
1675	2000	1400	0
1676	2000	1500	0
1677	2000	1600	0
1678	2000	1700	0
1679	2000	1800	0
1680	2000	1900	0
1681	2000	2000	0
$END_COLLECT
$BACK_GROUND
$LAYER_DEPTH_CONDUCTION
2
1      50000   0.0000000001
2      50000   0.01
$END_BACK_GROUND
