 frequency =    10.000000
 num,    x0_loc,    y0_loc,    z0_loc,    xy_ris,    yx_ris,   alph_xy,   alph_xy
   1,  0.000000,  600.000000,  0.000000,  10.154457,  9.899427,  69.353073,  69.431884
   2,  300.000000,  0.000000,  0.000000,  16.228294,  9.326363,  60.699249,  72.662551
   3,  700.000000,  0.000000,  0.000000,  85.324756,  27.381817,  43.864748,  64.702047
   4,  0.000000,  2600.000000,  0.000000,  97.523960,  99.541133,  46.803436,  44.307172
   5,  0.000000,  2000.000000,  0.000000,  89.128621,  100.971883,  48.244069,  43.015816
   6,  1000.000000,  0.000000,  0.000000,  99.548560,  51.589354,  43.088924,  58.908824
   7,  0.000000,  0.000000,  0.000000,  9.484601,  8.016387,  70.822480,  75.391587
   8,  0.000000,  1800.000000,  0.000000,  82.970304,  101.986902,  49.344686,  42.295554
   9,  2700.000000,  0.000000,  0.000000,  100.247721,  99.335332,  44.943046,  47.211878
  10,  2600.000000,  0.000000,  0.000000,  100.131693,  99.089690,  44.873373,  47.484921
  11,  800.000000,  0.000000,  0.000000,  92.859012,  35.478759,  43.329129,  62.562272
  12,  600.000000,  0.000000,  0.000000,  67.523339,  19.889562,  45.409241,  66.549534
  13,  1900.000000,  0.000000,  0.000000,  100.194600,  91.144905,  44.264878,  49.681939
  14,  1600.000000,  0.000000,  0.000000,  100.514201,  83.951917,  43.852802,  51.567695
  15,  0.000000,  1700.000000,  0.000000,  78.484814,  102.826388,  49.804758,  41.799004
  16,  1200.000000,  0.000000,  0.000000,  100.399698,  65.214965,  43.148543,  55.720361
  17,  3000.000000,  0.000000,  0.000000,  100.447416,  100.546154,  45.067654,  46.712478
  18,  0.000000,  1300.000000,  0.000000,  48.169110,  99.433672,  54.559132,  40.632417
  19,  500.000000,  0.000000,  0.000000,  45.878280,  14.494057,  48.459133,  68.568071
  20,  900.000000,  0.000000,  0.000000,  97.547543,  44.906270,  43.091536,  60.482611
  21,  2300.000000,  0.000000,  0.000000,  100.222640,  96.821672,  44.722939,  48.250701
  22,  2000.000000,  0.000000,  0.000000,  99.961431,  92.978712,  44.330180,  49.294082
  23,  0.000000,  400.000000,  0.000000,  10.018819,  8.258319,  70.623102,  73.700565
  24,  1400.000000,  0.000000,  0.000000,  100.830902,  76.018924,  43.559302,  53.531442
  25,  0.000000,  200.000000,  0.000000,  9.554510,  8.219472,  70.728787,  75.198893
  26,  1800.000000,  0.000000,  0.000000,  100.414697,  89.178936,  44.175617,  50.269188
  27,  0.000000,  2500.000000,  0.000000,  96.650208,  99.539249,  46.987250,  44.115817
  28,  0.000000,  1400.000000,  0.000000,  57.748542,  102.657740,  52.931574,  40.666662
  29,  2400.000000,  0.000000,  0.000000,  99.849527,  97.520517,  44.686782,  47.894694
  30,  1300.000000,  0.000000,  0.000000,  100.895607,  71.756136,  43.397223,  54.284410
  31,  2900.000000,  0.000000,  0.000000,  100.268487,  100.297598,  45.002526,  46.876688
  32,  100.000000,  0.000000,  0.000000,  10.055414,  8.236772,  69.968107,  75.235549
  33,  0.000000,  1100.000000,  0.000000,  27.535017,  73.833299,  58.801014,  42.146866
  34,  0.000000,  500.000000,  0.000000,  10.012049,  8.983531,  70.114614,  72.004908
  35,  0.000000,  2800.000000,  0.000000,  98.873103,  99.619333,  46.536896,  44.574380
  36,  0.000000,  800.000000,  0.000000,  11.652544,  16.693013,  66.542172,  58.809799
  37,  0.000000,  2300.000000,  0.000000,  94.840136,  99.839647,  47.456198,  43.742988
  38,  0.000000,  3000.000000,  0.000000,  99.176872,  99.621468,  46.193105,  44.739956
  39,  0.000000,  300.000000,  0.000000,  9.623444,  8.291566,  70.644857,  74.713421
  40,  0.000000,  1600.000000,  0.000000,  72.926759,  102.852707,  50.686977,  41.329721
  41,  0.000000,  1900.000000,  0.000000,  86.430823,  101.482684,  48.765950,  42.607840
  42,  2500.000000,  0.000000,  0.000000,  100.196147,  98.150884,  44.830736,  47.640155
  43,  2800.000000,  0.000000,  0.000000,  100.095568,  100.072702,  44.934053,  47.079113
  44,  0.000000,  1500.000000,  0.000000,  66.955261,  103.644728,  51.582032,  41.041846
  45,  0.000000,  2900.000000,  0.000000,  99.350032,  99.785014,  46.469994,  44.721598
  46,  400.000000,  0.000000,  0.000000,  27.762038,  11.279391,  53.657046,  70.829037
  47,  2200.000000,  0.000000,  0.000000,  99.954999,  95.331170,  44.556994,  48.443309
  48,  0.000000,  700.000000,  0.000000,  10.917758,  12.448565,  68.429450,  64.642219
  49,  0.000000,  2400.000000,  0.000000,  95.712024,  99.814952,  47.191564,  44.039561
  50,  2100.000000,  0.000000,  0.000000,  100.378536,  94.434776,  44.583147,  48.921597
  51,  0.000000,  1200.000000,  0.000000,  37.992180,  90.757859,  56.465298,  41.078330
  52,  0.000000,  100.000000,  0.000000,  9.807628,  8.070031,  70.978270,  75.391987
  53,  200.000000,  0.000000,  0.000000,  11.819884,  8.527351,  66.615248,  74.351271
  54,  0.000000,  1000.000000,  0.000000,  19.374766,  47.712948,  61.410715,  46.018216
  55,  1500.000000,  0.000000,  0.000000,  100.748791,  80.292643,  43.735811,  52.464308
  56,  0.000000,  2100.000000,  0.000000,  91.277237,  100.143232,  47.959704,  43.202664
  57,  1700.000000,  0.000000,  0.000000,  100.144353,  86.378639,  43.924500,  50.916472
  58,  0.000000,  2200.000000,  0.000000,  92.834968,  99.892194,  47.586447,  43.451029
  59,  0.000000,  900.000000,  0.000000,  14.597996,  28.377314,  63.984795,  51.318068
  60,  0.000000,  2700.000000,  0.000000,  98.148254,  99.753550,  46.672257,  44.528796
  61,  1100.000000,  0.000000,  0.000000,  100.360088,  59.622346,  43.107481,  57.004114
